              precision    recall  f1-score   support

         ALG     0.6667    0.4658    0.5484        73
         BOO     0.9000    0.9130    0.9065        69
         COF     0.3778    0.5000    0.4304        34
         CON     0.6747    0.7122    0.6930       629
         COU     0.9182    0.8938    0.9058       113
         CRN     0.7254    0.6478    0.6844       159
         DAT     0.7895    0.9375    0.8571       144
         FRM     0.3077    0.1702    0.2192        47
         JOU     0.7143    0.9524    0.8163        21
         LOC     0.7273    0.6154    0.6667        52
         ORG     0.7062    0.8354    0.7654       328
         PER     0.7862    0.9064    0.8420       929
         PLO     0.5690    0.8919    0.6947        37
         TER     0.5440    0.5457    0.5448      1281
         THE     0.7273    0.7869    0.7559        61
         TOO     0.5734    0.6047    0.5887       549

   micro avg     0.6647    0.7046    0.6840      4526
   macro avg     0.6692    0.7112    0.6825      4526
weighted avg     0.6600    0.7046    0.6796      4526
