              precision    recall  f1-score   support

         ALG     0.6102    0.4932    0.5455        73
         BOO     0.8533    0.9412    0.8951        68
         COF     0.5263    0.5882    0.5556        34
         CON     0.6236    0.7309    0.6730       628
         COU     0.9224    0.9469    0.9345       113
         CRN     0.7669    0.6375    0.6962       160
         DAT     0.8036    0.9375    0.8654       144
         FRM     0.4000    0.2979    0.3415        47
         JOU     0.5484    0.8095    0.6538        21
         LOC     0.5556    0.5769    0.5660        52
         ORG     0.6752    0.8049    0.7344       328
         PER     0.7727    0.9257    0.8423       929
         PLO     0.6889    0.8378    0.7561        37
         TER     0.7003    0.4183    0.5237      1279
         THE     0.6933    0.8525    0.7647        61
         TOO     0.5248    0.5643    0.5438       544

   micro avg     0.6865    0.6713    0.6788      4518
   macro avg     0.6666    0.7102    0.6807      4518
weighted avg     0.6866    0.6713    0.6655      4518
